0.600000
0.461538
--------------
0.500000
0.625000
--------------
0.600000
0.666667
--------------
0.600000
0.666667
--------------
0.700000
0.583333
--------------
0.600000
0.666667
--------------
0.900000
0.692308
--------------
0.700000
1.000000
--------------
0.900000
0.900000
--------------
0.700000
0.636364
--------------
0.700000
0.777778
--------------
0.800000
0.800000
--------------
0.900000
0.750000
--------------
0.800000
0.888889
--------------
0.800000
0.888889
--------------

k= 3,5,50,100,200

Arec=[0.6,0.6,0.9,0.7,0.9]
Erec=[0.5,0.7,0.7,0.7,0.8]
Brec=[0.6,0.6,0.9,0.8]

Apre=[0.461538,0.666667,0.692308,0.636364,0.750000]
Epre=[0.625,0.583333,1.,0.777778,0.888889]
Bpre=[0.666667,0.666667,0.9,0.8,0.888889]