0.900000
0.900000
--------------
0.900000
1.000000
--------------
1.000000
0.909091

--------------
0.800000
0.888889
--------------
0.900000
0.818182
--------------
0.900000
0.900000
--------------
0.700000
0.875000
--------------
0.900000
0.900000
--------------
1.000000
0.833333
--------------

0.900000
0.818182
--------------
0.900000
1.000000
--------------
0.900000
0.900000
--------------

nochange, 0.1, 10^-5, 10^-6

Arectol=[0.9,0.8,0.7,0.9]
Erectol=[0.9,0.9,0.9,0.9]
Brec=[1.,0.9,1.,0.9]

Apretol=[0.9,0.888889,0.875000,0.818182]
Epretol=[1.,0.818182,0.9,1.]
Bpretol=[0.909091,0.9,0.833333,0.9]
